3.467622041702270508e+00 8.701282501220703125e+00 6.557702422142028809e-01
4.804988384246826172e+00 9.640122413635253906e+00 -5.849063396453857422e-02
4.068049907684326172e+00 1.248622512817382812e+01 -9.965395927429199219e-01
3.404364347457885742e+00 1.019032764434814453e+01 1.997083872556686401e-01
5.178521633148193359e+00 1.107256317138671875e+01 -1.406922489404678345e-01
5.895153045654296875e+00 7.077049732208251953e+00 1.979688882827758789e+00
6.429857730865478516e+00 9.112165451049804688e+00 2.350741386413574219e+00
4.597764015197753906e+00 7.300062656402587891e+00 2.573775529861450195e+00
4.228392601013183594e+00 6.771529197692871094e+00 2.937811851501464844e+00
4.158492565155029297e+00 1.119051647186279297e+01 4.013773202896118164e-01
3.557313919067382812e+00 1.051081657409667969e+01 9.944739937782287598e-02
5.428013801574707031e+00 7.616806983947753906e+00 2.497285604476928711e+00
5.542228698730468750e+00 6.660170555114746094e+00 3.364322662353515625e+00
4.617411613464355469e+00 8.125492095947265625e+00 4.031481266021728516e+00
4.783822059631347656e+00 8.804179191589355469e+00 2.867968797683715820e+00
4.089809894561767578e+00 1.111595726013183594e+01 4.807607531547546387e-01
4.096189022064208984e+00 1.206637668609619141e+01 -6.271715164184570312e-01
5.933052062988281250e+00 7.550745964050292969e+00 2.413931369781494141e+00
8.134196281433105469e+00 9.715244293212890625e+00 2.185187578201293945e+00
5.217548370361328125e+00 1.159975528717041016e+01 -5.862732231616973877e-02
4.339226245880126953e+00 8.083716392517089844e+00 3.451611757278442383e+00
5.268690109252929688e+00 8.380118370056152344e+00 3.300115585327148438e+00
4.572730064392089844e+00 9.911097526550292969e+00 1.523188829421997070e+00
3.691051244735717773e+00 1.173394680023193359e+01 -2.642357349395751953e-01
4.145722389221191406e+00 1.246174240112304688e+01 -8.064584732055664062e-01
6.020429611206054688e+00 7.539359092712402344e+00 2.300168752670288086e+00
5.685835361480712891e+00 9.962598800659179688e+00 4.008316993713378906e-01
5.681072711944580078e+00 6.740278244018554688e+00 4.085674762725830078e+00
5.054101467132568359e+00 1.129640483856201172e+01 -1.692664623260498047e-01
4.258541584014892578e+00 1.193667984008789062e+01 -1.595661491155624390e-01
2.908484458923339844e+00 8.159471511840820312e+00 1.103262066841125488e+00
4.233929634094238281e+00 7.502871990203857422e+00 3.618048191070556641e+00
4.323009490966796875e+00 1.253836536407470703e+01 -8.626313805580139160e-01
6.718296051025390625e+00 8.300645828247070312e+00 2.584524631500244141e+00
2.719246864318847656e+00 8.409351348876953125e+00 9.867989420890808105e-01
3.496016263961791992e+00 7.860946655273437500e+00 1.756015181541442871e+00
5.524186134338378906e+00 9.939102172851562500e+00 2.739278376102447510e-01
4.727452278137207031e+00 9.747350692749023438e+00 -2.120809257030487061e-01
3.743468999862670898e+00 1.151638698577880859e+01 -7.343627214431762695e-01
5.460137844085693359e+00 6.556691169738769531e+00 3.936475276947021484e+00
3.370650291442871094e+00 8.119444847106933594e+00 1.359095931053161621e+00
5.663410186767578125e+00 1.005339527130126953e+01 3.290213644504547119e-01
3.807735681533813477e+00 1.183565616607666016e+01 -3.786817193031311035e-01
4.999610424041748047e+00 8.780754089355468750e+00 2.614612579345703125e+00
8.165625572204589844e+00 9.802546501159667969e+00 2.170663118362426758e+00
4.180530548095703125e+00 9.265172004699707031e+00 1.515601038932800293e+00
4.591983795166015625e+00 7.590185165405273438e+00 3.760821580886840820e+00
5.427564144134521484e+00 8.817706108093261719e+00 2.385151386260986328e+00
2.924498319625854492e+00 8.260060310363769531e+00 1.120884180068969727e+00
5.836908340454101562e+00 6.777612209320068359e+00 3.139001131057739258e+00
3.682274341583251953e+00 1.072691345214843750e+01 8.075208961963653564e-02
6.586822986602783203e+00 8.213408470153808594e+00 2.571452856063842773e+00
4.494513511657714844e+00 9.874119758605957031e+00 1.399392366409301758e+00
3.210013628005981445e+00 7.651146411895751953e+00 1.685919284820556641e+00
4.336927890777587891e+00 7.712261199951171875e+00 3.574140071868896484e+00
4.268671989440917969e+00 1.254952430725097656e+01 -9.233613610267639160e-01
4.161394596099853516e+00 1.040412139892578125e+01 -3.209062218666076660e-01
2.721603393554687500e+00 8.540706634521484375e+00 8.663914203643798828e-01
3.661553621292114258e+00 8.847537994384765625e+00 5.759372711181640625e-01
3.544172286987304688e+00 7.911923885345458984e+00 1.540559053421020508e+00
6.041582584381103516e+00 7.200056076049804688e+00 2.009639024734497070e+00
3.859197854995727539e+00 1.024696540832519531e+01 1.176727004349231720e-02
4.139204502105712891e+00 1.003447532653808594e+01 7.647859454154968262e-01
5.967850208282470703e+00 6.892253398895263672e+00 2.263496637344360352e+00
5.040121078491210938e+00 6.389272689819335938e+00 3.756542205810546875e+00
4.181332111358642578e+00 1.225608444213867188e+01 -4.077532887458801270e-01
8.162427902221679688e+00 9.768820762634277344e+00 2.210842609405517578e+00
3.940173864364624023e+00 1.110042095184326172e+01 -2.967396974563598633e-01
7.165642738342285156e+00 1.017604064941406250e+01 1.803042888641357422e+00
8.130737304687500000e+00 9.831876754760742188e+00 2.213136196136474609e+00
5.612933635711669922e+00 7.388130187988281250e+00 3.806789636611938477e+00
5.612530231475830078e+00 7.170395851135253906e+00 3.640790224075317383e+00
5.688284397125244141e+00 7.316995143890380859e+00 1.854405403137207031e+00
6.024674415588378906e+00 7.125979900360107422e+00 2.072768926620483398e+00
4.149076461791992188e+00 7.734174728393554688e+00 1.685984969139099121e+00
5.744441986083984375e+00 6.810674667358398438e+00 4.091506004333496094e+00
7.295847892761230469e+00 9.998701095581054688e+00 2.022117376327514648e+00
4.037339687347412109e+00 1.104323005676269531e+01 3.719777762889862061e-01
3.842722892761230469e+00 1.033374977111816406e+01 -4.030521810054779053e-01
5.286056518554687500e+00 1.151880359649658203e+01 -4.703921265900135040e-03
4.878874778747558594e+00 6.403258323669433594e+00 3.649927616119384766e+00
4.440293312072753906e+00 9.705852508544921875e+00 -4.118411336094141006e-03
3.506820917129516602e+00 7.732171535491943359e+00 2.135063409805297852e+00
3.404371500015258789e+00 7.778485774993896484e+00 1.656678318977355957e+00
3.545131444931030273e+00 1.044250202178955078e+01 -6.247873976826667786e-02
4.508591651916503906e+00 1.012209415435791016e+01 1.274062991142272949e+00
6.406353473663330078e+00 7.956506252288818359e+00 3.154413700103759766e+00
5.209894180297851562e+00 1.014466285705566406e+01 5.180545449256896973e-01
3.355350017547607422e+00 7.749513149261474609e+00 1.788284778594970703e+00
7.900874614715576172e+00 9.425814628601074219e+00 2.302160501480102539e+00
5.046936988830566406e+00 9.708892822265625000e+00 1.950901031494140625e+00
4.454202175140380859e+00 7.892825603485107422e+00 3.905710220336914062e+00
6.099779605865478516e+00 7.823899745941162109e+00 3.293627023696899414e+00
3.689479589462280273e+00 9.111273765563964844e+00 3.312566876411437988e-01
4.283419609069824219e+00 1.236808300018310547e+01 -7.868186831474304199e-01
3.960827350616455078e+00 8.623792648315429688e+00 1.113481998443603516e+00
4.187386989593505859e+00 1.250319099426269531e+01 -8.557633757591247559e-01
7.672975063323974609e+00 9.971453666687011719e+00 2.122135162353515625e+00
4.666065692901611328e+00 9.885812759399414062e+00 -2.158718258142471313e-01
4.028286457061767578e+00 1.222759246826171875e+01 -8.273131251335144043e-01
8.133531570434570312e+00 9.744508743286132812e+00 2.228969573974609375e+00
4.470452785491943359e+00 1.056044483184814453e+01 7.445248961448669434e-02
7.096924304962158203e+00 9.680342674255371094e+00 2.036137580871582031e+00
4.051553249359130859e+00 1.078188228607177734e+01 -2.926026284694671631e-01
6.435841560363769531e+00 7.485320568084716797e+00 2.781700134277343750e+00
4.632452487945556641e+00 1.001318359375000000e+01 3.660779595375061035e-01
2.819763183593750000e+00 8.320377349853515625e+00 9.662371873855590820e-01
5.071824073791503906e+00 1.131295490264892578e+01 -5.854757130146026611e-02
3.813965082168579102e+00 1.157157993316650391e+01 -6.927461028099060059e-01
4.394883155822753906e+00 1.199650192260742188e+01 -4.049144089221954346e-01
6.232910633087158203e+00 7.346415042877197266e+00 2.866423845291137695e+00
4.312973976135253906e+00 7.670119762420654297e+00 3.414658069610595703e+00
5.670808792114257812e+00 8.967206001281738281e+00 2.299162387847900391e+00
5.696860790252685547e+00 9.222519874572753906e+00 2.080521345138549805e+00
4.568895339965820312e+00 1.196814060211181641e+01 -3.360368907451629639e-01
3.757475376129150391e+00 9.079937934875488281e+00 4.188429415225982666e-01
4.790945529937744141e+00 1.092628574371337891e+01 1.639472842216491699e-01
5.945090293884277344e+00 6.977703094482421875e+00 3.759401559829711914e+00
4.310441970825195312e+00 9.364681243896484375e+00 1.533413052558898926e+00
4.662660121917724609e+00 8.557645797729492188e+00 3.062237739562988281e+00
5.355953693389892578e+00 7.418625354766845703e+00 4.071934700012207031e+00
4.885130405426025391e+00 6.593608856201171875e+00 3.643655061721801758e+00
4.105450630187988281e+00 1.193299007415771484e+01 -3.001290559768676758e-01
7.385169029235839844e+00 1.008024501800537109e+01 2.136527061462402344e+00
4.704627513885498047e+00 7.975322246551513672e+00 3.076436281204223633e+00
4.108802318572998047e+00 9.174039840698242188e+00 1.525673747062683105e+00
3.825692653656005859e+00 8.493540763854980469e+00 1.271785736083984375e+00
5.751048088073730469e+00 6.686798572540283203e+00 4.023289203643798828e+00
4.038568496704101562e+00 1.195705127716064453e+01 -4.575090110301971436e-01
3.598090410232543945e+00 8.523383140563964844e+00 9.266928434371948242e-01
4.598493576049804688e+00 8.020143508911132812e+00 3.997062444686889648e+00
5.515445232391357422e+00 9.990266799926757812e+00 2.199619412422180176e-01
5.084151744842529297e+00 6.559423446655273438e+00 3.775910854339599609e+00
4.000103473663330078e+00 9.481093406677246094e+00 7.077304124832153320e-01
4.187583446502685547e+00 9.299390792846679688e+00 1.189616799354553223e+00
4.379872322082519531e+00 1.155596160888671875e+01 -6.873037666082382202e-02
3.463176250457763672e+00 7.662658691406250000e+00 1.617954134941101074e+00
5.885188579559326172e+00 7.064500808715820312e+00 1.975025773048400879e+00
5.766545295715332031e+00 7.554980754852294922e+00 2.518347740173339844e+00
4.897041797637939453e+00 1.113142585754394531e+01 -4.014961421489715576e-02
3.648184537887573242e+00 1.000056743621826172e+01 -1.601796001195907593e-01
4.998444557189941406e+00 9.851655960083007812e+00 1.733747482299804688e+00
5.320967197418212891e+00 7.388999938964843750e+00 3.720692157745361328e+00
4.276778697967529297e+00 1.111869812011718750e+01 -5.314170196652412415e-02
4.454340457916259766e+00 7.755669593811035156e+00 3.412843227386474609e+00
5.423004627227783203e+00 7.338287830352783203e+00 4.097702980041503906e+00
5.427265167236328125e+00 7.610635280609130859e+00 2.388320446014404297e+00
7.269570350646972656e+00 9.885061264038085938e+00 2.158520936965942383e+00
4.665698051452636719e+00 9.631743431091308594e+00 1.129009127616882324e+00
5.752656459808349609e+00 6.802279949188232422e+00 3.268444776535034180e+00
7.571250438690185547e+00 9.972013473510742188e+00 2.164362430572509766e+00
4.533688068389892578e+00 7.646164417266845703e+00 3.765576124191284180e+00
4.980473041534423828e+00 7.047808170318603516e+00 3.495295763015747070e+00
4.817158222198486328e+00 6.666923522949218750e+00 3.586985826492309570e+00
7.570936679840087891e+00 1.001659774780273438e+01 2.160904645919799805e+00
3.920791387557983398e+00 8.338097572326660156e+00 1.253870725631713867e+00
5.486985206604003906e+00 7.408647060394287109e+00 4.064028263092041016e+00
4.999057292938232422e+00 9.841336250305175781e+00 1.667942762374877930e+00
6.127861499786376953e+00 8.785911560058593750e+00 2.411212682723999023e+00
4.548206329345703125e+00 8.055772781372070312e+00 3.976722002029418945e+00
4.132603645324707031e+00 1.063084888458251953e+01 -1.772231757640838623e-01
4.417528629302978516e+00 1.045202732086181641e+01 1.600590348243713379e-01
3.902853488922119141e+00 9.954152107238769531e+00 -3.152034878730773926e-01
4.937390327453613281e+00 9.694176673889160156e+00 1.222437381744384766e+00
3.963151693344116211e+00 9.901823043823242188e+00 -1.582880765199661255e-01
3.982193231582641602e+00 7.713586807250976562e+00 1.614683270454406738e+00
7.283985614776611328e+00 9.776175498962402344e+00 2.163546323776245117e+00
5.965170860290527344e+00 7.212854862213134766e+00 3.530836820602416992e+00
4.214683055877685547e+00 9.891647338867187500e+00 -2.180694192647933960e-01
4.871372699737548828e+00 9.831333160400390625e+00 6.688523888587951660e-01
4.733016014099121094e+00 7.465897083282470703e+00 3.112665653228759766e+00
6.334062099456787109e+00 8.848931312561035156e+00 2.445219039916992188e+00
6.283777236938476562e+00 7.583726882934570312e+00 2.518758773803710938e+00
4.784960269927978516e+00 6.546486854553222656e+00 3.582120418548583984e+00
6.553362846374511719e+00 8.235424995422363281e+00 2.816843032836914062e+00
6.798076152801513672e+00 8.685508728027343750e+00 2.493370056152343750e+00
3.841445684432983398e+00 1.149989414215087891e+01 -7.598719596862792969e-01
4.439698696136474609e+00 9.795203208923339844e+00 2.646600306034088135e-01
5.496686935424804688e+00 9.677091598510742188e+00 5.594298243522644043e-01
4.937366485595703125e+00 8.958631515502929688e+00 2.296638250350952148e+00
4.315217971801757812e+00 1.009888744354248047e+01 -1.684188246726989746e-01
5.107690811157226562e+00 8.530236244201660156e+00 3.165931463241577148e+00
4.118141174316406250e+00 9.157517433166503906e+00 9.673787951469421387e-01
5.207844257354736328e+00 8.675085067749023438e+00 2.821244001388549805e+00
4.322193145751953125e+00 1.044414806365966797e+01 9.601309895515441895e-01
4.209909439086914062e+00 9.771842002868652344e+00 2.979852259159088135e-01
5.295397758483886719e+00 7.188372135162353516e+00 3.729220151901245117e+00
3.661658287048339844e+00 9.264409065246582031e+00 2.117756754159927368e-01
5.240690708160400391e+00 9.844151496887207031e+00 4.315544068813323975e-01
5.037343502044677734e+00 9.866765975952148438e+00 7.725866436958312988e-01
3.967824220657348633e+00 9.568734169006347656e+00 1.213868986815214157e-02
4.897748470306396484e+00 1.119107723236083984e+01 -9.881255775690078735e-02
6.486161231994628906e+00 8.483426094055175781e+00 2.563300609588623047e+00
5.324577808380126953e+00 1.004973411560058594e+01 2.413092255592346191e-01
5.588499069213867188e+00 8.010509490966796875e+00 3.412129402160644531e+00
5.526424884796142578e+00 7.583014011383056641e+00 2.119065046310424805e+00
3.500728607177734375e+00 7.972302436828613281e+00 1.414573073387145996e+00
5.328686237335205078e+00 7.501493453979492188e+00 3.853815793991088867e+00
6.499864101409912109e+00 8.039196014404296875e+00 2.809307813644409180e+00
