6.527197360992431641e+00 1.013463592529296875e+01
8.190171241760253906e+00 8.438599586486816406e+00
1.068294906616210938e+01 1.012166118621826172e+01
7.853235721588134766e+00 1.017740821838378906e+01
9.179107666015625000e+00 8.346855163574218750e+00
4.667886257171630859e+00 5.489893913269042969e+00
6.656859397888183594e+00 6.148270130157470703e+00
4.901922225952148438e+00 9.574129104614257812e+00
9.170775413513183594e+00 9.244859695434570312e+00
8.286482810974121094e+00 1.005958652496337891e+01
4.834899902343750000e+00 6.772355079650878906e+00
3.310246467590332031e+00 6.251826763153076172e+00
4.007256984710693359e+00 7.704880237579345703e+00
5.328229904174804688e+00 7.780214786529541016e+00
9.078108787536621094e+00 9.283624649047851562e+00
1.008866119384765625e+01 9.968552589416503906e+00
4.899441719055175781e+00 6.310679435729980469e+00
7.766155719757080078e+00 4.813821315765380859e+00
9.684104919433593750e+00 8.445652961730957031e+00
4.123252391815185547e+00 8.182506561279296875e+00
4.933319091796875000e+00 7.378757476806640625e+00
7.046344280242919922e+00 8.355820655822753906e+00
9.691626548767089844e+00 9.893620491027832031e+00
1.048390674591064453e+01 9.962957382202148438e+00
5.073331832885742188e+00 6.116235256195068359e+00
8.254019737243652344e+00 7.523690223693847656e+00
2.674239873886108398e+00 6.534354209899902344e+00
9.244175910949707031e+00 8.468650817871093750e+00
1.000049686431884766e+01 9.531822204589843750e+00
5.826149940490722656e+00 1.032624912261962891e+01
3.539258718490600586e+00 8.070501327514648438e+00
1.074126815795898438e+01 1.001601982116699219e+01
5.864244461059570312e+00 5.730514526367187500e+00
6.038073062896728516e+00 1.047482681274414062e+01
5.083312034606933594e+00 9.865400314331054688e+00
8.395759582519531250e+00 7.798536300659179688e+00
8.356767654418945312e+00 8.561882972717285156e+00
9.632758140563964844e+00 1.035683441162109375e+01
2.565300703048706055e+00 6.723291397094726562e+00
5.486816883087158203e+00 9.942239761352539062e+00
8.429754257202148438e+00 7.444083213806152344e+00
9.810399055480957031e+00 9.909274101257324219e+00
5.586171150207519531e+00 7.531739711761474609e+00
7.863954067230224609e+00 4.711534023284912109e+00
6.537384510040283203e+00 8.805782318115234375e+00
3.619667530059814453e+00 7.985623359680175781e+00
5.964753150939941406e+00 7.033365726470947266e+00
5.901048660278320312e+00 1.039770984649658203e+01
3.622628688812255859e+00 6.095354557037353516e+00
8.584083557128906250e+00 9.954560279846191406e+00
5.868392944335937500e+00 5.842114925384521484e+00
6.970681667327880859e+00 8.399587631225585938e+00
4.993853092193603516e+00 9.932250976562500000e+00
3.701687097549438477e+00 8.221876144409179688e+00
1.067951488494873047e+01 9.932597160339355469e+00
8.264146804809570312e+00 9.375169754028320312e+00
6.343088150024414062e+00 1.060102653503417969e+01
6.660146713256835938e+00 9.966597557067871094e+00
5.413623809814453125e+00 9.767616271972656250e+00
4.813286781311035156e+00 5.638413429260253906e+00
8.200466156005859375e+00 9.891756057739257812e+00
7.415132999420166016e+00 9.072965621948242188e+00
4.216990947723388672e+00 5.666344165802001953e+00
2.533160686492919922e+00 7.072783470153808594e+00
1.025493049621582031e+01 9.684472084045410156e+00
7.894404411315917969e+00 4.745472908020019531e+00
9.123856544494628906e+00 9.824995994567871094e+00
8.138529777526855469e+00 5.931914329528808594e+00
7.916581153869628906e+00 4.881782054901123047e+00
3.671920299530029297e+00 6.763120651245117188e+00
3.582939624786376953e+00 6.661256790161132812e+00
4.759311676025390625e+00 5.607564926147460938e+00
4.709208965301513672e+00 5.587527751922607422e+00
5.421945571899414062e+00 9.177365303039550781e+00
2.814680576324462891e+00 6.432962417602539062e+00
7.914125919342041016e+00 5.618377685546875000e+00
8.999213218688964844e+00 9.397828102111816406e+00
8.325165748596191406e+00 9.791438102722167969e+00
9.580673217773437500e+00 8.374666213989257812e+00
2.563934326171875000e+00 7.236810684204101562e+00
8.059173583984375000e+00 8.763063430786132812e+00
4.725074291229248047e+00 9.629249572753906250e+00
5.146509170532226562e+00 9.874198913574218750e+00
8.255363464355468750e+00 1.012727832794189453e+01
7.217400550842285156e+00 8.420550346374511719e+00
5.499066829681396484e+00 5.971013545989990234e+00
8.062524795532226562e+00 7.816394329071044922e+00
4.925250530242919922e+00 9.930574417114257812e+00
7.636189460754394531e+00 4.865554809570312500e+00
6.737075328826904297e+00 7.816894054412841797e+00
3.758862733840942383e+00 8.099142074584960938e+00
4.355728149414062500e+00 6.489361763000488281e+00
7.118494033813476562e+00 9.945429801940917969e+00
1.060214042663574219e+01 9.904942512512207031e+00
6.249598503112792969e+00 9.457614898681640625e+00
1.064727020263671875e+01 1.005167293548583984e+01
7.915779113769531250e+00 5.234457015991210938e+00
8.466974258422851562e+00 8.550220489501953125e+00
1.040361499786376953e+01 1.022181606292724609e+01
7.892072200775146484e+00 4.715805530548095703e+00
8.471376419067382812e+00 9.125823020935058594e+00
7.621925830841064453e+00 5.810532093048095703e+00
8.738810539245605469e+00 9.620986938476562500e+00
5.146769046783447266e+00 5.822890281677246094e+00
7.953803062438964844e+00 8.805212020874023438e+00
6.064071178436279297e+00 1.042918491363525391e+01
9.281481742858886719e+00 8.458337783813476562e+00
9.589994430541992188e+00 1.028389739990234375e+01
1.005646896362304688e+01 9.394462585449218750e+00
4.635910034179687500e+00 6.043433189392089844e+00
3.738020420074462891e+00 8.210051536560058594e+00
6.222601413726806641e+00 6.887703418731689453e+00
6.542115211486816406e+00 7.016061782836914062e+00
9.955471992492675781e+00 9.182995796203613281e+00
7.100673198699951172e+00 9.812734603881835938e+00
8.870284080505371094e+00 8.716478347778320312e+00
3.085707664489746094e+00 6.293044567108154297e+00
6.615375995635986328e+00 8.773607254028320312e+00
5.109981536865234375e+00 7.866748809814453125e+00
3.562959432601928711e+00 7.111600875854492188e+00
2.725242376327514648e+00 7.343843460083007812e+00
9.856623649597167969e+00 9.715256690979003906e+00
8.048389434814453125e+00 5.481036663055419922e+00
4.579015254974365234e+00 7.764780521392822266e+00
6.554232597351074219e+00 8.877305984497070312e+00
6.209264278411865234e+00 9.445299148559570312e+00
2.798556089401245117e+00 6.466463565826416016e+00
1.000761795043945312e+01 9.911219596862792969e+00
6.434973716735839844e+00 9.849103927612304688e+00
3.942523241043090820e+00 7.741771221160888672e+00
8.524940490722656250e+00 7.765563488006591797e+00
2.645586967468261719e+00 7.070855617523193359e+00
7.115336418151855469e+00 9.347692489624023438e+00
6.751997947692871094e+00 8.991455078125000000e+00
9.575333595275878906e+00 9.238683700561523438e+00
5.216008663177490234e+00 9.782051086425781250e+00
4.626841545104980469e+00 5.473452568054199219e+00
4.787696838378906250e+00 6.467745304107666016e+00
9.163384437561035156e+00 8.595958709716796875e+00
7.979613780975341797e+00 9.950594902038574219e+00
6.929035663604736328e+00 7.903315067291259766e+00
3.619210481643676758e+00 6.878916263580322266e+00
9.091248512268066406e+00 9.347948074340820312e+00
3.914746284484863281e+00 8.146205902099609375e+00
3.431643962860107422e+00 6.992259025573730469e+00
4.925063133239746094e+00 6.662606716156005859e+00
7.964307308197021484e+00 5.613605976104736328e+00
7.155611515045166016e+00 8.253329277038574219e+00
3.486448287963867188e+00 6.251532077789306641e+00
7.829315185546875000e+00 5.300033092498779297e+00
3.685925483703613281e+00 7.961765289306640625e+00
3.198830127716064453e+00 7.228208541870117188e+00
2.817020177841186523e+00 7.441798210144042969e+00
7.930407524108886719e+00 5.373331069946289062e+00
6.052798748016357422e+00 9.472757339477539062e+00
3.569060325622558594e+00 6.932166099548339844e+00
6.977786540985107422e+00 7.899356365203857422e+00
6.185199737548828125e+00 6.412292003631591797e+00
3.957900524139404297e+00 7.791899204254150391e+00
8.569361686706542969e+00 9.526688575744628906e+00
8.275543212890625000e+00 9.091458320617675781e+00
7.946570396423339844e+00 9.756425857543945312e+00
7.398737907409667969e+00 7.885003089904785156e+00
7.846765995025634766e+00 9.591259956359863281e+00
5.446321010589599609e+00 9.390359878540039062e+00
7.728991985321044922e+00 5.578759193420410156e+00
3.699028491973876953e+00 6.377336025238037109e+00
8.004916191101074219e+00 9.310848236083984375e+00
7.771507740020751953e+00 8.331285476684570312e+00
4.307770252227783203e+00 7.780579090118408203e+00
6.348065853118896484e+00 6.184637546539306641e+00
5.059270858764648438e+00 5.963617801666259766e+00
2.637558221817016602e+00 7.359475612640380859e+00
5.771794319152832031e+00 5.931876659393310547e+00
6.227793216705322266e+00 5.858426094055175781e+00
9.664855003356933594e+00 1.031483554840087891e+01
7.843617439270019531e+00 8.913305282592773438e+00
7.976697921752929688e+00 7.579703330993652344e+00
5.921709060668945312e+00 7.543012142181396484e+00
8.122369766235351562e+00 9.297354698181152344e+00
5.139004230499267578e+00 7.528296470642089844e+00
6.862422466278076172e+00 9.236848831176757812e+00
5.471294403076171875e+00 7.362791538238525391e+00
7.553484916687011719e+00 8.698884963989257812e+00
7.632936477661132812e+00 9.377990722656250000e+00
3.390319585800170898e+00 6.919656753540039062e+00
7.256158828735351562e+00 9.886422157287597656e+00
8.046842575073242188e+00 7.946053981781005859e+00
7.777627944946289062e+00 8.021611213684082031e+00
7.560816287994384766e+00 9.687532424926757812e+00
9.163364410400390625e+00 8.668795585632324219e+00
6.035053730010986328e+00 6.032682895660400391e+00
8.397255897521972656e+00 7.859074115753173828e+00
4.413613796234130859e+00 6.856331348419189453e+00
5.135486125946044922e+00 6.542932987213134766e+00
5.575281620025634766e+00 9.817541122436523438e+00
3.685155630111694336e+00 6.963304996490478516e+00
5.646809577941894531e+00 5.944244861602783203e+00
